# lambda/nm,V/V
8.000000000000000000e+02,-1.341572825751929436e-05
8.100000000000000000e+02,-1.389627052108876434e-05
8.200000000000000000e+02,-1.394769041833839481e-05
8.300000000000000000e+02,-1.406662691272813274e-05
8.400000000000000000e+02,-1.414675539458120986e-05
8.500000000000000000e+02,-1.408640104246936520e-05
8.600000000000000000e+02,-1.396733984800897580e-05
8.700000000000000000e+02,-1.397794721788586528e-05
8.800000000000000000e+02,-1.412476226057767028e-05
8.900000000000000000e+02,-1.411939497828061192e-05
9.000000000000000000e+02,-1.380656893334336168e-05
9.100000000000000000e+02,-1.359837981590741480e-05
9.200000000000000000e+02,-1.374783333625028862e-05
9.300000000000000000e+02,-1.365158137827501368e-05
9.400000000000000000e+02,-1.339815926811368278e-05
9.500000000000000000e+02,-1.317511089943466354e-05
9.600000000000000000e+02,-1.288361247880108007e-05
9.700000000000000000e+02,-1.250846695258250302e-05
9.800000000000000000e+02,-1.244204278662814146e-05
9.900000000000000000e+02,-1.243949084382246137e-05
1.000000000000000000e+03,-1.258676856460112766e-05
1.010000000000000000e+03,-1.282378051321009115e-05
1.020000000000000000e+03,-1.280662001680560128e-05
1.030000000000000000e+03,-1.261172105554850945e-05
1.040000000000000000e+03,-1.231737720016491254e-05
1.050000000000000000e+03,-1.195661067704861258e-05
1.060000000000000000e+03,-1.018614151501091371e-05
1.070000000000000000e+03,-3.528685878149331066e-06
1.080000000000000000e+03,3.989998923795022085e-06
1.090000000000000000e+03,3.823153797397015448e-06
1.100000000000000000e+03,1.310954188470781621e-06
1.110000000000000000e+03,-6.607122077551744513e-07
1.120000000000000000e+03,-1.760054607552739473e-06
1.130000000000000000e+03,-2.391778688709119783e-06
1.140000000000000000e+03,-5.203733643026947086e-07
1.150000000000000000e+03,6.848274157985959853e-09
1.160000000000000000e+03,3.282618695770407779e-07
1.170000000000000000e+03,3.991896887319453065e-07
1.180000000000000000e+03,5.849355930143331178e-07
1.190000000000000000e+03,7.079377519730635811e-07
1.200000000000000000e+03,6.460127379773227889e-07
1.210000000000000000e+03,4.196807729352062228e-07
1.220000000000000000e+03,3.785635335310687742e-07
1.230000000000000000e+03,5.776619880674174277e-07
1.240000000000000000e+03,5.620848948266345207e-07
1.250000000000000000e+03,7.803236823650969333e-07
1.260000000000000000e+03,9.287911354484941337e-07
1.270000000000000000e+03,8.357554823043757672e-07
1.280000000000000000e+03,6.141326522776648571e-07
1.290000000000000000e+03,5.739567795906111409e-07
1.300000000000000000e+03,6.812827051774982839e-07
1.310000000000000000e+03,1.070102346954879479e-06
1.320000000000000000e+03,1.531565669125923261e-06
1.330000000000000000e+03,1.901162521345142842e-06
1.340000000000000000e+03,2.149420281566263442e-06
1.350000000000000000e+03,2.044764158752697296e-06
1.360000000000000000e+03,1.664063104010617422e-06
1.370000000000000000e+03,8.013972273103910568e-07
1.380000000000000000e+03,-1.378498554292038337e-07
1.390000000000000000e+03,-7.794182799725328737e-07
1.400000000000000000e+03,-1.319875073651696937e-06
1.410000000000000000e+03,-1.811164280202412010e-06
1.420000000000000000e+03,-2.266934756002108826e-06
1.430000000000000000e+03,-2.477949023219969037e-06
1.440000000000000000e+03,-2.660246887695046330e-06
1.450000000000000000e+03,-3.020992398362932566e-06
1.460000000000000000e+03,-3.461905167188670289e-06
1.470000000000000000e+03,-3.715540683997918446e-06
1.480000000000000000e+03,-4.003743994668325532e-06
1.490000000000000000e+03,-4.325193390706859644e-06
1.500000000000000000e+03,-4.702413551712881347e-06
1.510000000000000000e+03,-5.328501737250555466e-06
1.520000000000000000e+03,-6.022439366638852582e-06
1.530000000000000000e+03,-6.656695819509402562e-06
1.540000000000000000e+03,-7.325295034543982737e-06
1.550000000000000000e+03,-7.592306860944230859e-06
1.560000000000000000e+03,-7.474768762795594296e-06
1.570000000000000000e+03,-7.684323239305999520e-06
1.580000000000000000e+03,-8.018037532893587067e-06
1.590000000000000000e+03,-8.258548836314926337e-06
1.600000000000000000e+03,-8.653247446340459769e-06
1.610000000000000000e+03,-9.006951441596679491e-06
1.620000000000000000e+03,-9.327934075131887398e-06
1.630000000000000000e+03,-9.651069248321918320e-06
1.640000000000000000e+03,-9.854400215427700475e-06
1.650000000000000000e+03,-1.006515727155614606e-05
1.660000000000000000e+03,-1.019467003793316819e-05
1.670000000000000000e+03,-1.035069644400611566e-05
1.680000000000000000e+03,-1.033637517933133695e-05
1.690000000000000000e+03,-1.029119890331891868e-05
1.700000000000000000e+03,-1.040007981409436498e-05
